;; -*- coding: euc-jisx0213 -*-
9		г
9	
9	
9		ب
9	
9		
9	
9	
9	
9	
9	
9	
9	
9		ԣ
10		
10	
10	
10	
10	
10		
10	
10	
10	
10	
10	
10	
10	
10	
10	
10	
10	
11	
11	
11		
11		
11	
11	
11	
11	
11	
11	
11	
11	
11	
11		
12	
12	
12	
12	
12	
12	
12	
12	
12	
12	
12	
12		
13		
13	
13	
13	
13		
13	
13	
13	
13	
13		
13	
13	
13		
13	
13		Ԥ
13	
14	
14	
14	
14	
14	
14	
14	
14	
14	
14		
14	
14		
14	
15	
15	
15	
15		
15	
15	
15		ݿ
15		
15		ݯ
15	
15		
15		
15	
15	
15	
15	
16	
16	
16	
16	
16		
16		
16	
16	
17	
17	
17	
17		
17	
17	
17	
17		ѫ
17	
17	
17	
17	
18	
18	
18	
18	
18	
18	
18	
18	
18	
18	
18		
18	
19	
19	
19	
19	
19	
19	
19	
19		
19	
19	
19	
19	
19	
19	
19	
19		
20	
20	
20	
20	
20	
20		
20		
20	
20	
20	
20		
20	
21	
21	
21	
21		
21		
21	
21	
21	
21	
21	
21	
22		
22	
22		
22	
22	
22	
22		ڲ
22	
22	
22	
22		
22	
22		
22	
22	
22	
23	
23	
23	
23	
23		
23		
23		
23	
23	
23	
23	
23	
23		
23		
23	
24	
24		
24	
24	
24	
24	
24	
24	
24	
24	
24		
24	
24	
24	
24	
24		
25	
25		
25	
25	
25	
25	
25	
25	
25	
25	
25	
25	
25	
25	
26	
26		Ұ
26		
26	
26	
26		
26	
26	
26		
26		
26	
26	
26	
26	
26	
26	
26	
27		
27	
27	
27	
27	
27	
27	
27	
27	
27	
27	
27	
27	
27	
28		
28	
28	
28	
28	
28	
28		
28	
28	
28	
28		
28	
28	
28	
28	
28		
29	
29	
29	
29	
29	
29	
29	
29	
29	
29	
29	
29		
29	
30	
30	
30	
30	
30		Ѧ
30	
30	
30	
30	
30		٦
30	
30		
30	
30	
30	
30	
30	
31	
31	
31	
31	
31	
31	
31	
31	
31	
31	
31		
31	
32	
32	
32	
32	
32	
32	
32	
32	
32	
32	
32	
32	
32	
33	
33	
33	
33	
33	
33		ڡ
33		ک
33		
33	
33	
33	
33	
33	
34	
34	
34	
34	
34	
34	
34	
34	
34	
34		ַ
34		
34		
34	
35	
35	
35	
35	
35	
35		
35	
35	
35	
35	
36	
36		
36	
36	
36		
36	
36	
36	
36	
36	
37	
37	
37	
37	
37	
37	
37		
37	
37	
37	
37	
37		
37	
37	
37	
38		ҿ
38	
38	
38		
38	
38	
38	
38	
38	
38	
38	
38	
38	
38	
39	
39		Ү
39		
39	
39	
39	
39	
39	
39	
39	
39		
39		
39	
39	
40	
40	
40		ت
40	
40		
40		
40		
40		
40	
40	
40		
40	
40	
41		
41	
41	
41	
41		
41		
41	
41	
41	
41		
41	
41		
41	
41	
41	
42	
42	
42	
42	
42	
42	
42	
42	
42	
42	
42		
42		
42		ѭ
43	
43		
43	
43	
43		
43		ԡ
43	
43		
43	
43		
43	
43	
43		
43	
44	
44	
44	
44		
44		
44	
44	
44	
44	
44	
44	
44	
44	
45	
45	
45	
45		
45	
45	
45	
45	
45	
45	
45	
45	
46	
46	
46	
46	
46	
46	
46	
46	
46	
46	
46	
46	
46	
47	
47	
47	
47	
47	
47	
47	
47	
47	
47	
47	
47	
47		ע
48	
48	
48	
48	
48	
48	
48	
48	
48	
49	
49	
49	
49	
49	
49		
49	
49	
49	
49	
49	
49		
49	
49	
49	
50	
50	
50	
50	
50	
50	
50	
50	
50	
50	
51	
51	
51		
51	
51	
51	
51	
51	
51	
51		
51	
51	
51	
52	
52	
52	
52	
52	
52	
52		
52	
52	
52	
52	
52	
52	
52	ë
52	
52		Ԣ
53		
53		
53	
53	
53	
53	
53	
53	
53	
53	
53	
53	
53	
53	
54	
54	
54	
54	
54	
54	
54	
54	
54	
54	
54	
54	
54	
54	
54	
54	
55		
55	
55	
55	
55	
55		߻
55	
55		
55	
55	
55	
55	
56	
56	
56	
56	
56	
56	
56	
56		
56	
56	
56	
56	
56	
56	
56	
56	
57	
57	
57	
57	
57	
57	
57	
57		
57	
57	
57	
57		
57	
57	
58	
58		
58		ܢ
58		
58		
58	
58	
58	
58	
58	
58		
58		
58	
59	
59	
59	
59	
59	
59	
59	
59	
59	
59	
59	
59	
60	
60		
60	
60	
60	
60	
60	
60	
60	
60	
60	
60		
60	
60	
61	
61	
61	
61	
61	
61	
61		
61	
61	
61		
61	
61	
61	
61	
61	
61	
62	
62	
62	
62	
62	
62	
62	
62	
62	
62	
62		ѻ
62	
63	
63	
63	
63	
63	
63	
63		
63	
63	
63	
63	
63	
63	
63	
64	
64	
64	
64		߼
64	
64	
64		
64	
64		
64		
64	
64	
64		
65	
65	
65	
65	
65		
65	
65	
65	
65	
65	
65	
65	
65	
65		
65	
65	
66	
66	
66	
66	
66	
66	
66	
66	
66	
67	
67	
67	
67	
67	
67		
67	
67	
67	
67	
67	
67		
67	
67	
68	
68	
68	
68	
68	
68	
68		
68	
68	
68	
68	
68	
69	
69	
69	
69	
69	
69	
69	
69	
69	
69	
69	
70	
70		
70		ߧ
70	
70		
70		
70	
70		
70	
70	
71		
71	
71	
71	
71	
71	
71	
71	
71	
71	
71	
71	
71	
71	
72	
72	
72	
72	
72	
72	
72	
72		
72	
72	
72	
72	
72		
72		
72		
73		
73	
73	ǡ
73	
73	
73		
73	
73	
73	
73	
73	
73	
74	
74	
74	
74	
74	
74	
74	
74	
74	
74	
74	
74	
74		
74	
74	
74		
74		
75	
75	
75	
75		
75	
75	
75	
75	
75	
75	
75		
75	
75	
75	
75	
76		
76	
76	
76		
76	
76	
76	
76	
76	
76	
76	
76	
76	
76	
77	
77	
77		
77		
77		Ы
77	
77		
77		
77	
77	
77	
77		
78	
78		
78		
78		
78	
78		
78		
78	
78	
78	
78	
78	
79		
79		
79	
79	
79	
79	
79	
79	
79	
79	
79	
79	
79	
79	
80		
80	
80	
80	
80	
80		
80	
80	
80	
80	
80	
81	
81		
81		
81	
81	
81	
81	
81	
81	
81	
81	
81		
82	
82	
82	
82	
82		Ԧ
82	
82	
82	
82	
82	
82		
82	
82	
82		
83	
83	
83		
83	
83		
83		
83		
83	
83		
83	
83	
83	
83	
83		
83	
83	
83	
84	
84	
84	
84	
84		
84	
84	
84	
84	
85	
85		
85	
85	
85	
85	
85	
85	
85	
85	̻
86	
86	
86	
86	
86	
86	
86	
86		
86	
86	
86	
86	ͼ
87	
87	
87	
87	
87	
87	
87	
87	
87	
87	
87	
87	
87	
88	
88	
88	
88		
88	
88	
88	
88		
88		
88	
88	
88	
89	
89	
89	
89	
89	
89	
89		
89	
89		
89	
89	
89	
89	
89	
90	
90		٥
90		
90		
90	
90		ߪ
90	
90	
90	
90	
90		
90	
90	
90	
90	
90	
91		
91	
91	
91	
91		
91	
91	
91	
91	
91	
91	
91	
91	
91	
91		
91		
92	
92		
92	
92	
92	
92		
92	
92	
92	
92		
92		
92	
92	
93	
93		
93	
93	
93	
93	
93		
93		
93	
93		
93		
93	
93	
93	
93	
93	
94		
94	
94	¤
94	
94		
94		
94	¢	
94	£	
94	¡	
94	¨	
94	«
94	­
95	¥
95	§
95	©
95	®
95	¦
95	¬
95	¯
95	²
95	°	֤
95	±
95	³	
95	´
95	Ψ
95	¸
95	¼
96	¹
96	º
96	»
96	¾
96	¿
96	
96	
96		
96	
96	
96	
96		
96		
97	
97	
97	
97	
97	
97		
97	
97	
97	
97	
97	
97	
97		
97	
98	
98	
98		
98	
98	
98		
98	
98		ڤ
98		߷
98	
98	
98	
98	
98	
98	
98	â
99	ã
99	æ
99	å
99	ê
99	ð
99	ô	ٿ
99	ñ	
99	ú
99		
99	õ
99	ø
99	û
99	ò	
99	ü
100	
100	
100		ԥ
100	
100	
100		
100		׼
100	
100	
100	
100	
100	
100	
101	
101	
101	
101		
101		
101	
101	
101	
101	
101	
101	
101	
101	
101	
102	
102	
102	
102	
102	
102		
102	
102	
102	
102	
102	
102		
102	
102	
102		
103	
103		
103	
103	
103	Ĥ
103	ģ	׬
103	
103	Į
103	Ĺ
103	ĩ
103	Ģ
103	ĥ
103	Ħ
103	į
104	
104	ĺ
104	Ļ
104	ī
104	ı
104	Ķ
104	Ĳ
104	ķ
104	ħ	
104	Ĭ
104	
104	Ĵ
104	İ	
104	Ĩ	
105	ľ
105	ļ	
105	
105	
105	Ŀ
105	
105	
105		
105	
105	
105	
105	
106		
106	
106	
106	
106	
106	
106	
106	
106	
106	
106	š
106	
106	
106	
107	
107	
107		
107	
107	
107	
107	
107	
107	
107	
107	ť
107	Ū
107	ū
107	Ŧ
107	ũ
107	Ŭ
108	Ũ
108	ų
108	ů
108	Ŵ	
108	Ű
108	ű
108	ŷ
108	ŵ
108	Ź
108		
108	Ÿ
108	ź
108	ž	
108	
108		ѣ
109	
109	
109	
109	
109	
109	
109		
109	
109	
109	
109	
109	
109	
109	
110	
110	
110		
110		
110	
110	Ʀ
110	
110	
110	ƨ
110	
110	
111	
111	
111	
111	Ƥ
111	Ʃ
111		
111	
111		ݹ
111	ƫ
111	
111	
111	
111	
111	
111	
112	
112	
112	
112	
112		
112	Ƨ
112	
112	Ƭ
112	ƥ
112	Ʈ	
112	ƭ
112	Ʊ
112	ƶ
113	ƹ
113	ư
113	Ʋ
113	Ƹ
113	ƻ
113	Ư
113	Ƽ
113	Ƴ
113	ƽ
113	ƿ
113	
113	
113	
113		
113	
113	
113		
114		
114	
114		
114		
114	
114	
114	
114	
114	
114	
114	
114		
115	
115	
115		
115	
115	
115	
115	
115	Ǣ
115	Ǥ
115	ǥ
115	Ǧ
115	ǧ
116	ǫ
116	Ǯ
116	ǯ
116	ǰ
116	Ǵ
116	ǳ
116	Ǻ	ؽ
116	Ǽ
116	ǽ
116	Ǿ	
116	
116	ǻ
116	
117	
117	
117	
117		۱
117	
117	
117		
117	
117	
117	
117	
117	
117	
117	
117		צ
118	
118		
118	
118		
118	
118	
118	
118	
118	
118	
118	
118	
118	
118	
118	
119	
119	
119		
119	
119	
119	
119	Ȣ
119	Ȫ
119	ȩ
119	Ȭ
119	ȭ
119	ȯ	
119	ȱ	
120	Ȳ
120	ȴ	ٶ
120	ȳ
120	ȶ
120	ȿ
120	Ⱦ
120	
120	
120	ȼ
120	Ƚ
120	
120	
121	
121	
121	
121	
121	
121	
121	
121	
121	
121	
121		
121	
121		
121	
121		
121	
121	
121	
121	
122	
122	
122	
122	
122	
122	
122		
122	
122	
122		
122	
122	
123	
123	
123		
123	
123	
123	
123	
123	
123	
123	ɡ
123	ɤ
123	ɬ
123	
123	ɮ
124	ɱ
124	ɴ
124	ɹ
124	ɽ
124	ɶ
124	ɼ
124	ɾ
124	ɺ
124	ɸ
124	
124	
124	
124	
124	ǭ
125	
125		
125	
125		
125		
125		
125		
125	
125	
125	
125	
125	
125	
125	
125	
125	
126	
126	
126	
126	
126	
126	
126	
126	
126	
126	
126	
126	
126		
127	
127	
127	
127	
127	
127	
127	
127	
127	
127	
127	ʡ	
127	ʢ
127	ʣ
127	ʤ
128	ʧ	
128	ʨ
128	ʩ	
128	ʪ
128	ʴ
128	ʶ
128	ʷ
128	ʮ
128	ʯ
128	ʰ
128	ʳ
128	ʬ
129	ʸ
129	ʹ
129	ʺ
129	ʿ
129	ʼ
129	ʻ	
129		
129	
129	
129	
130	ʽ	
130	ʾ
130	
130	
130	
130	
130	
130	
130		
130	
130		
130	
131	
131	
131		  
131	
131		
131		
131	
131	
131	
131	
131	
131	
132	
132	
132	
132	
132	
132	
132	
132	˧
132	ˮ
132	
132		
132	
132	
133	ˡ
133	ˢ
133	˦
133	
133	
133	
133	ˤ
133	
133	ˬ
133	
133	˭	
133	˰
133	˫	
134	˥
134	˴
134	˳
134	˻
134	˷
134	˸
134	˺
134	
134	˼
134	
134	˿
134	
134	˶
134	
134	˾
135	˵
135	˹
135	
135	
135	˽
135	
135	
135	
135	
135	
135	
135	
135		
135	
136	
136	
136	
136	
136		
136	
136	
136	
136	
136	
136	
136		
136	
136	
136	
136	
136	
137	
137	
137	
137		
137		
137	
137	̡
137	̤
137	̣
137	̥
137	̨
137	̩
137	̮
137	̯
137	̱
137	̲
137	̷
138	̳
138	̵
138	̴
138	̸
138	̼
138	̾
138	̿
138	
138	
139	
139	
139	
139	
139		
139	
139	
139	
139	
139	
139	
139	
139	
140	
140	
140	
140		
140	
140	
140	
140	
140	
140	
140	
140	
140	
140		
140		
141	
141	ͳ
141	
141	
141	͡
141	͢
141	
141	ͣ
141	ͧ
141	ͭ
141	ͦ
141	ͩ
141	ͪ
141	͹
141	ͱ
141	͵
142	ͷ
142	ͺ
142	Ͷ
142	ͫ
142	ͻ
142	ͥ
142	Ϳ	
142	ͽ	Ю
142	;	
142		
142	
142	
143	
143	
143	
143	
143	
143	
143	
143		
143	
143	
143	
143	
144		
144	
144	
144	
144	
144		
144	
144	
144	
144	
144	
144	
144	
144	
145		
145	
145		
145	
145	
145	
145		Ь
145	
145		
145	
145		
145	
145	
146	Τ
146	
146	Ρ
146	΢
146	
146	Υ
146	Φ
146	Ω
146	Χ
146	ά
146	
146	ή
146	α
147	ε	ζ
147	γ
147	δ	
147	β
147	ι
147	κ	
147	θ
147	λ
147	ξ	
147	
147	
147	
147		
147	
147	
147	ν
147	
147	
147	
148	
148	
148		
148	
148	
148	
148	
148	
148	
148		
148	
148		
148		
148	
148		
149	
149		ү
149		
149	
149	
149	
149		
149	
149		
149	
149		
149		
150	
150	
150	
150	
150		
150	Ϣ
150	
150		
150	ϣ	
150	ϧ	
150	ϩ
150	Ϫ
150	Ϸ
150	ϫ	ҩ
151	Ϻ	
151	ϯ	
151	ϲ
151	ϭ	
151	ϰ	
151	ϳ
151	ϻ
151	Ͽ	
151	
151	
151	
151	
151	
152	
152		
152	
